8.1:

i:

We ran the steps given in point B in the README file. 
ex11.c file gave an output file of the stack machine instructions. 

Executing command java Machine ex11.out 8:
1 5 8 6 3 7 2 4 
1 6 8 3 7 4 2 5 
1 7 4 6 8 2 5 3 
1 7 5 8 2 4 6 3 
2 4 6 8 3 1 7 5 
2 5 7 1 3 8 6 4 
2 5 7 4 1 8 6 3 
2 6 1 7 4 8 3 5 
2 6 8 3 1 4 7 5 
2 7 3 6 8 5 1 4 
2 7 5 8 1 4 6 3 
2 8 6 1 3 5 7 4 
3 1 7 5 8 2 4 6 
3 5 2 8 1 7 4 6 
3 5 2 8 6 4 7 1 
3 5 7 1 4 2 8 6 
3 5 8 4 1 7 2 6 
3 6 2 5 8 1 7 4 
3 6 2 7 1 4 8 5 
3 6 2 7 5 1 8 4 
3 6 4 1 8 5 7 2 
3 6 4 2 8 5 7 1 
3 6 8 1 4 7 5 2 
3 6 8 1 5 7 2 4 
3 6 8 2 4 1 7 5 
3 7 2 8 5 1 4 6 
3 7 2 8 6 4 1 5 
3 8 4 7 1 6 2 5 
4 1 5 8 2 7 3 6 
4 1 5 8 6 3 7 2 
4 2 5 8 6 1 3 7 
4 2 7 3 6 8 1 5 
4 2 7 3 6 8 5 1 
4 2 7 5 1 8 6 3 
4 2 8 5 7 1 3 6 
4 2 8 6 1 3 5 7 
4 6 1 5 2 8 3 7 
4 6 8 2 7 1 3 5 
4 6 8 3 1 7 5 2 
4 7 1 8 5 2 6 3 
4 7 3 8 2 5 1 6 
4 7 5 2 6 1 3 8 
4 7 5 3 1 6 8 2 
4 8 1 3 6 2 7 5 
4 8 1 5 7 2 6 3 
4 8 5 3 1 7 2 6 
5 1 4 6 8 2 7 3 
5 1 8 4 2 7 3 6 
5 1 8 6 3 7 2 4 
5 2 4 6 8 3 1 7 
5 2 4 7 3 8 6 1 
5 2 6 1 7 4 8 3 
5 2 8 1 4 7 3 6 
5 3 1 6 8 2 4 7 
5 3 1 7 2 8 6 4 
5 3 8 4 7 1 6 2 
5 7 1 3 8 6 4 2 
5 7 1 4 2 8 6 3 
5 7 2 4 8 1 3 6 
5 7 2 6 3 1 4 8 
5 7 2 6 3 1 8 4 
5 7 4 1 3 8 6 2 
5 8 4 1 3 6 2 7 
5 8 4 1 7 2 6 3 
6 1 5 2 8 3 7 4 
6 2 7 1 3 5 8 4 
6 2 7 1 4 8 5 3 
6 3 1 7 5 8 2 4 
6 3 1 8 4 2 7 5 
6 3 1 8 5 2 4 7 
6 3 5 7 1 4 2 8 
6 3 5 8 1 4 2 7 
6 3 7 2 4 8 1 5 
6 3 7 2 8 5 1 4 
6 3 7 4 1 8 2 5 
6 4 1 5 8 2 7 3 
6 4 2 8 5 7 1 3 
6 4 7 1 3 5 2 8 
6 4 7 1 8 2 5 3 
6 8 2 4 1 7 5 3 
7 1 3 8 6 4 2 5 
7 2 4 1 8 5 3 6 
7 2 6 3 1 4 8 5 
7 3 1 6 8 5 2 4 
7 3 8 2 5 1 6 4 
7 4 2 5 8 1 3 6 
7 4 2 8 6 1 3 5 
7 5 3 1 6 8 2 4 
8 2 4 1 7 5 3 6 
8 2 5 3 1 7 4 6 
8 3 1 6 2 5 7 4 
8 4 1 3 6 2 7 5 

Ran 0.106 seconds




ii:

ex3.out & ex5.out:

LDRAGS: 
CALL: 1 5
STOP:


Since the first instruction of the stack machine is 24, it requires command line args.
The next instruction is 19 which is calling a function and requires 2 inputs (1 and 5).
The last instruction is 25 which means STOP.



